$ANSIBLE_VAULT;1.1;AES256
37303936663338343362613433363563643766343365636536376561663062353238663865666536
3763633161366434396431323739363063343461356530360a346366623631613366373930656231
33616435363162613435343036643565376337326461333464353434363532306538666130633136
3266333131613734380a636165363038666362326562323365613831363533323430643561356364
61326235356333306534376635393231343539386664633932336530373763383465613562356535
37356661643965346237323533366334356230623830393432666363313933356463393464343336
62383934396436633461623437343038633064373965356665393963623838663834336531336334
64336161303131336562326635613535373966643164613662373262353235393733343136373135
65353330623730653837343539383832343533356632373733653563386332646531333732626530
32633530373963393334396534666233666463623664303462666462313163323063373837356264
31663936386365383238643236396430663730623965336536373563373736636439303962393764
38633965303362343534346333376663383631323262643033343335376361316538353731653863
34373334626433316335643039616566666133306164646561323663623564333665393335313233
65363938656330643435376636306335363961363165376533643437306365653339383862316234
63366234383739646635346561326562346431613039313462666166323662643431343561636565
65656564373562626531356365636439613939373465633633333365626237633237356339633532
66613166633737663139396136323437393039373633386330353562663632623263396362303838
65336362383763613432383730343462333832326232636135303138383035383232353338363234
39343863363064643034313637393661646537613062366137383930383265323366313366643061
32336563343933616631383965323565646338313865303534353038666337626263336663383138
36373031623733396433636633643832393361393966313034633032353037363337396366363238
35363338656530373864323963343833663934383764326361346436353433333337376333613839
32306534656235616231383265366238326263333665626534663761633762393864316663396537
63323439616230353439633233343430366537336466613637383834333462396139386465306563
61363039316166646565613466363833326537613933383132313438316330623633336461313338
38363332343833313936323833633664613262613663396361383961633130306465393436663036
31323734646661393261313661313137636336616262313035353961306162656132306136343366
35373339386333393132613430366334393935656362633835636234663166396432643065303664
36373664613630343464623339313062633537643232363966613661623662316436623666313565
62306434393336626630373366636636636536643434316330653637356534643235373531353138
62346361373432633832303966643434343661303537336231633634383236663734643037313631
33326131383630336431366439303935313731623736386161346336383931643034303035623237
30303863646237343065306239393362323436356536633566316161666232633332356233613135
33306261313661316232636665353232323762656464396262373231343735363237343563353330
36643362353962353664366366656439643963313937646435306530343963356332333962333032
61343662633836333365383461613234626235643233356562323331303061343564316130363134
32626434633030623563626462386136383361373361323239316562653865393130373835626565
62643834306665383165386662303931366238333731666432613566396435643464633532366231
30626633646635303031613165333365303865356339316536643361336639643961633863613961
62616638303061353561346664316263636235383365393236323232326630656134363934623639
63303361623838393362353230373437633338373161373534613134303263383134663632393265
62323031346561383731303366396366323432323362643335653231393262643439343762666630
63363431666637613033626635613065626430613031623938666264633365623034373566633937
30373137393339336435616565326563393232623764313632393739646234656633373534633166
66666531373139313235633961643436306433386239313163303733396538333163616235323738
64383530333464646239393131646337393666336334656134366335376639653764623835353864
31306132646364653736366130313361653066653036373866323039643939333063306430663762
66646438663131623266626539333737623431346661373137633132633462333132323035323035
61373632303632393166353334363564653731643566363039666230353936646162633633633763
61653331656262323534306466653333356630386636313861306665623133336538396162623865
32646366323764323265656335366135393832646465303538626263346563663936613239353438
62613265353236363238376635643065316663646361353532303461633363656434633839613636
64346235313161356265363733643064643061323536386238346432616134636339366665643264
38656534373132363632343962616539623232396430616331663566323032336433653562333538
65633765313365663435333132333464383536303730333166303935393538646562303533663234
33303663373666336366323365663536623830303962393964323363323634353731333832353565
63663462643235396664373731363237626134366434376535633733303162393834326231363365
64613661313038356262343163313932303339633062303530313131376263333039626530616261
39636131373436396666336166623964623932646134623462613434373833306538366466663565
62656662613631323339666436643763383166323637356632363631613038643637666537633631
63306236663964323335323363386565356135353039363537636234643338666565623431383530
66343137663332633862633632306562653661306330383439316538666235353231633265363939
63323935623537303861616163396139613131663639326266383831343633616230626562313334
61653861656466383563613834643063643737633538306162316436663862313130396139653230
39356335336131396630373435323732363762306666666262346663653964346635326335623332
38393564376431613039333534376265313639396437363666393962393237633938306562383139
36623266313734363633313436316639623134653535616135313763623432313132616262656534
64323663653665373262633635383531343937613536343230313838323334346133303932626631
63623262623837663134353639636439303963313837373965643164343138303635353062353733
63376439316634646165343134646662646334613437666636653463356231343730313461346134
30363838303232363433343037626139653439653661306631363837646634393730396137326234
61616136366161323437363235363463383261636630396566386561383861313533356162353430
34653035393239333262663735323738306361383035656131323664316432643162396534393034
31663038343261333038316334646634343934356362653132353736336466636333383434366131
66303062653538383236316461396539333962343330656365306132386434396235346365623261
65626565333763646133656262643065336664323331623632633136313332383338303135623832
39316265333335356266396534326161626166643766343763383438383232353235336130383165
38343738663537353264653730623335373361646330623663616165646536363631376238303433
64366161623236346661376638323334653337376232653038386661373064356235343430386134
32336561653631656237326530656638326465343536333734386337393230663164363333633131
65336532386333663331303537373837316262346330396334353634366637623236303865336465
32376461356135323761333231643133396362356561366635666131626433323733613134626137
61613062613031326630306237663933616439383964336639373235383864386638653434396134
62616530656563613962313639313739616665366132643437626466653731313037366537623733
32653366383830386362356366316139346433663533363963303932663466316162633635343566
38663139623933343139333266373039383739666134626530393937393235653936383066643632
39343163313962653634356438323934326431376637343935316334386534376335346434306637
63363832663837373864
